surfaceInfo="cdf_a3\cdf_a3_vehicles\brdm2\data\Penetration\armour.bisurf";

diffuse[]={1.000000,0.5,0.5,1.000000};
ambient[]={1.000000,0.5,0.5,1.000000};